. s

555 · 17417411441444141143

11181 8333138818 8117118188134138115 ·

11-1-1-11- ..ἐμμὶ-1 3-’11-11-4011111

30114788668 33418137468 367118646661· j
302 2.4800069 338,1.8188448 36818688478. ’
3030480406 33608363373 3680767084- .
' .304²·'4⁸2⁸73⁶ 337118176199 37018681317 ,
( 40814841998 33818189167 37111369 739 ··

—umm ulmum mum—

. 3060 4837014 31337301337 37008703403 ³
38714871384 340. 2. 5314789 373 25713088
30804883307 34138307744 37408708716 ,
303 04833383 440 0· 7340061 377 033740 313
310 04313611 343 08330341 376 03731878

*hum μμμμ nuh&

311 0430710443 344083313 384 37108763411

, 3¹2 04341341 343 0· 3378131 378 08774308
113 14333443 34613 3330710 373 08786333
31414369196 847118414198 38118797836
31314983188 4811841879138118819188

3--3——0 *fib-budh* 3Η *3⁸⁸3-

, 31134996871 34918418184 38118818634

31718 010 93 35025440680 38318831988
318 3 3004070 331 33743 3071 384 04843310
313 08037307 370 08463407 133 03 874607

300 3 3031300 ³53 3 3477747 3861038 863873

38η hah-»- b- -5--3-51 5·-

’ 30103063030 33403430033 38738877114
3111.ςο78889 355 8188831183 38818 888317
333380700ος 33601714700 383133833436 J
324 2. 5¹⁰5450 357 2. 5526682 ³90 25910646
31818138834 38818333838 39118911768

,.μμμμ μμμμ nuh*

3060813080 35525550544' 3303843800
Ι307 0 3143477 360' 0 3313003 333 2·· 3343313
. 3083888738 3141133373073 33408334360
131918171989 361188874386( 39818968971
330 3 8083133 363 073330161 3380· 3371370

1“““·“1·-· 5— ΗΉ-ΜΗ

331 18198181 36418618014 357 ²⁵·5937905
331 1. 8111381 36 5 2· 8613911) 893 08993831
·13331.8114441 36618634811 39916303729
336713646661 4002.60'20·600

 

